02 00 00 01
02 01 00 00
02 80 01 00
02 80 80 00
02 7f 80 00
02 7f 7f 00
02 ff ff 00
02 80 ff 00
02 7f 7f 00
02 7f 7f 00
02 7f 7f 00
02 7f 7f 00
02 7f 7f 00
02 7f 7f 00
02 7f 7f 00
02 7f 7f 00
02 80 80 00
02 80 80 00
02 80 80 00
02 80 80 00
02 80 80 00
02 80 80 00
02 80 80 00
02 80 80 00
02 ff ff 00
02 ff ff 00
02 ff ff 00
02 ff ff 00
01 12 34 00
03 7f 02 00
03 80 80 00
03 01 7f 00
00 55 2c 00
02 40 40 00
02 c0 3f 00
02 f9 36 00
02 7e 04 00
02 d9 4f 00
00 ee c8 00
02 9e 2a 00
01 98 fc 00
03 20 6d 00
03 48 fd 00
03 86 f0 00
03 09 d4 00
03 f1 f2 00
03 4e 46 00
01 ba 93 00
03 75 59 00
03 04 8b 00
03 55 ae 00
01 67 b3 00
03 56 f0 00
03 43 a5 00
03 14 de 00
03 88 f1 00
03 36 7b 00
03 55 cd 00
01 91 ce 00
03 29 11 00
01 d1 13 00
01 6d e0 00
03 92 eb 00
03 bb c2 00
03 8c 33 00
03 10 af 00
03 e7 c3 00
03 83 e6 00
00 42 d5 00
02 e1 58 00
02 6c 89 00
00 57 4f 00
02 e4 b2 00
02 4e bb 00
00 9d cf 00
02 07 db 00
02 c7 98 00
02 35 ef 00
02 26 9b 00
02 1b 49 00
02 9b 00 00
02 f7 75 00
02 95 57 00
02 33 5a 00
02 61 0b 00
02 f7 38 00
02 56 05 00
02 85 74 00
02 49 71 00
02 5b 76 00
02 d2 41 00
02 d9 f9 00
00 c2 18 00
00 a9 29 00
02 4f 3e 00
02 f5 0a 00
02 b7 66 00
02 5a 47 00
02 6f 21 00
02 51 80 00
02 7b a1 00
02 c7 79 00
02 5d a3 00
02 f7 8b 00
02 60 12 00
01 f0 e4 00
01 28 ff 00
03 52 a3 00
01 c3 aa 00
03 a0 54 00
03 26 2a 00
00 d0 4c 00
02 b1 fa 00
02 cf d3 00
02 72 c0 00
02 d0 09 00
02 a1 ac 00
02 05 c5 00
00 92 cb 00
02 fd 3c 00
02 01 4e 00
02 bb b8 00
02 31 57 00
00 46 12 00
02 bd 20 00
02 95 73 00
02 fb 43 00
02 b7 38 00
00 3e ba 00
02 26 d1 00
00 d2 a9 00
02 23 36 00
02 a3 22 00
02 26 1e 00
02 aa a6 00
02 73 a7 00
02 e5 44 00
02 64 ca 00
02 2f c8 00
02 5d 03 00
02 d6 25 00
00 12 f3 00
02 1b 97 00
02 52 98 00
00 f2 f1 00
02 41 ef 00
02 38 56 00
02 ed 6f 00
02 73 86 00
02 c0 78 00
02 eb 56 00
02 c6 02 00
00 96 f0 00
02 91 2c 00
02 6e 5a 00
00 00 00 01
02 7f 02 00
